i         x                   y                   mp                  a                   vx                  vy                  
0         0.946196243562554   -0.199215713409438  0.966940655780446   -0.483571035914100  -0.093989941376029  0.049359591402944   
1         -0.731500726825720  0.681840660751061   1.000000000000000   -0.266704937516874  0.055834701548918   -0.090293767483022  
2         0.283182168759896   -0.959066139166868  1.000000000000000   -0.266704937516874  -0.002166153079449  0.106140407593768   
3         0.243816712906042   0.969821329167230   1.000000000000000   2.874887716072919   -0.052104246933162  -0.092496625856638  
4         -0.703072706823886  -0.711117971168873  1.000000000000000   -0.266704937516874  0.091897820853247   0.053153258279803   
5         0.966984522365110   0.254835110426956   1.000000000000000   -0.266704937516874  -0.106158183008825  0.000958396368812   
6         -0.962225978225261  0.272252028143852   1.000000000000000   -0.266704937516874  0.090923184533076   -0.054803766820348  
7         0.690119204941115   -0.723695711588402  1.000000000000000   -0.266704937516874  -0.050425770654750  0.093422267138030   
8         -0.226267299520988  0.974065248927134   1.000000000000000   -0.266704937516874  -0.004082115599981  -0.106083998206908  
9         -0.300451503290301  -0.953797092766904  1.000000000000000   -0.266704937516874  0.057455812587830   0.089270980409128   
10        0.743691810232505   0.668522618460363   1.000000000000000   -0.266704937516874  -0.094865785775856  -0.047654601377665  
11        -0.980302185127468  -0.197503483094126  1.000000000000000   -0.266704937516874  0.105917917451086   -0.007202298671942  
12        0.944541974369050   -0.328390710366504  1.000000000000000   -0.266704937516874  -0.087541444717372  0.060058086883701   
13        -0.646346919910221  0.763043681005597   1.000000000000001   -0.266704937516874  0.044842150991973   -0.096227126309310  
14        0.168568577989562   -0.985689928179535  1.000000000000000   -0.266704937516874  0.010316242705802   0.105660084609893   
15        0.356045446852486   0.934468640338248   1.000000000000000   -0.266704937516874  -0.062608335470914  -0.085736075679356  
16        -0.781734560223667  -0.623611319133889  1.000000000000000   -0.266704937516874  0.097505109468295   0.041990855801123   
17        0.990223810915850   0.139487649257167   0.999999999999999   -0.266704937516874  -0.105310723032708  0.013421250227273   
18        -0.923585816765665  0.383391756652774   1.000000000000000   -0.266704937516874  0.083856437207761   -0.065104349180033  
19        0.600335510993516   -0.799748256790944  1.000000000000000   -0.266704937516874  -0.039103185758134  0.098698628191580   
20        -0.110285888440732  0.993899905830984   1.000000000000000   -0.266704937516874  -0.016514631503382  -0.104870135356270  
21        -0.410405950848517  -0.911902930968053  1.000000000000000   -0.266704937516874  0.067543965822936   0.081904157551646   
22        0.817069166225529   0.576539658309398   1.000000000000000   -0.266704937516874  -0.099806648585803  -0.036181642325975  
23        -0.996715028483789  -0.080988591755628  1.000000000000000   -0.266704937516874  0.104338703242520   -0.019593706872464  
24        0.899430103321273   -0.437064628218167  1.000000000000000   -0.266704937516874  -0.079880927885971  0.069925072065828   
25        -0.552244374393802  0.833682284176891   1.000000000000000   -0.266704937516874  0.033228756310658   -0.100828210821088  
26        0.051621138175794   -0.998666740255945  1.000000000000000   -0.266704937516874  0.022655809065439   0.103716887047988   
27        0.463344695508939   0.886178138493457   1.000000000000000   -0.266704937516874  -0.072245605259928  -0.077788500846600  
28        -0.849573219423474  -0.527470705194548  1.000000000000000   -0.266704937516874  0.101762429962497   0.030247085668916   
29        0.999753350464427   0.022208967449036   1.000000000000000   -0.266704937516874  -0.103005225424999  0.025698285516354   
30        -0.872158516085388  0.489223387441498   1.000000000000000   -0.266704937516874  0.075628689012077   -0.074503555228253  
31        0.502240111063820   -0.864728206339195  1.000000000000000   -0.266704937516874  -0.027239213292345  0.102608496736620   
32        0.007222441940325   0.999973917826070   1.000000000000000   2.874887716072919   -0.028718500660180  -0.102204334855064  
33        -0.514678286430526  -0.857383380686223  1.000000000000000   -0.266704937516874  0.076696966006948   0.073403363333460   
34        0.879134116818001   0.476574448168000   1.000000000000000   -0.266704937516874  -0.103365678232606  -0.024207744769972  
35        -0.999328251272959  0.036647594842349   1.000000000000000   -0.266704937516874  0.101314909114853   -0.031713838215893  
36        0.841865531353170   -0.539687342004096  1.000000000000000   -0.266704937516874  -0.071114451513601  0.078823937539649   
37        -0.450495949554620  0.892778471646176   1.000000000000000   -0.266704937516874  0.021155306131132   -0.104033318537058  
38        -0.066041001526812  -0.997816910117951  1.000000000000000   2.874887716072920   0.034681703452837   0.100337718675204   
39        0.564228889905039   0.825618410524213   1.000000000000000   -0.266704937516873  -0.080882627323422  -0.068763936337264  
40        -0.905649451312543  -0.424027205892841  1.000000000000000   -0.266704937516873  0.104610839302214   0.018084541570666   
41        0.995441203570157   -0.095377199763867  1.000000000000000   -0.266704937516873  -0.099273610033693  0.037619525438436   
42        -0.808656092373515  0.588281670857759   1.000000000000000   -0.266704937516873  0.066353853953517   -0.082871252004843  
43        0.397191145904132   -0.917735906247196  1.000000000000000   -0.266704937516874  -0.014998111158358  0.105097740246955   
44        0.124630776880855   0.992203189600837   1.000000000000000   2.874887716072919   -0.040524759265273  -0.098123504981357  
45        -0.611824848984207  -0.790993270619576  1.000000000000000   -0.266704937516874  0.084788088924839   0.063886292111911   
46        0.929027366479883   0.370011016500122   1.000000000000000   -0.266704937516874  -0.105493599590167  -0.011898688534643  
47        -0.988105673160666  0.153776391776196   1.000000000000000   -0.266704937516873  0.096888399804185   -0.043394888255637  
48        0.772645245796700   -0.634838029853094  1.000000000000000   -0.266704937516873  -0.061363388353953  0.086631477610951   
49        -0.342510362644814  0.939514050709684   1.000000000000000   -0.266704937516874  0.008788958594540   -0.105798074416117  
50        -0.182788796871293  -0.983152203749931  1.000000000000000   2.874887716072919   0.046227426141609   0.095569364420074   
51        0.657301278146713   0.753627912000808   1.000000000000000   -0.266704937516874  -0.088399821215733  -0.058787328161443  
52        -0.949186874778132  -0.314713006958598  1.000000000000000   -0.266704937516874  0.106010900971507   0.005671615161852   
53        0.977347072343747   -0.211642859981400  1.000000000000000   -0.266704937516874  -0.094167541452011  0.049019919218810   
54        -0.733957743121080  0.679195134930021   1.000000000000000   -0.266704937516873  0.056160343063290   -0.090091587900027  
55        0.286643029081764   -0.958037459538420  1.000000000000000   -0.266704937516874  -0.002549358655615  0.106131894893947   
56        0.240313586086547   0.970695307674980   1.000000000000000   2.874887716072920   -0.051769948471937  -0.092684145238265  
57        -0.700500634507084  -0.713651778569333  1.000000000000000   -0.266704937516873  0.091705312159933   0.053484708702433   
58        0.966058138113897   0.258324744815341   1.000000000000000   -0.266704937516874  -0.106160951371665  0.000575106249150   
59        -0.963202671878067  0.268776138983640   1.000000000000000   -0.266704937516874  0.091120460780462   -0.054475131670249  
60        0.692727608519522   -0.721199320850223  1.000000000000000   -0.266704937516874  -0.050762742864552  0.093239596096306   
61        -0.229782685057387  0.973241962539541   1.000000000000000   -0.266704937516874  -0.003699072964384  -0.106098045234297  
62        -0.297005862800984  -0.954875655497533  1.000000000000000   -0.266704937516874  0.057133125431196   0.089477842630441   
63        0.741273263587676   0.671203358670140   1.000000000000000   -0.266704937516874  -0.094693110625701  -0.047996803470269  
64        -0.979582709780688  -0.201041574552937  1.000000000000000   -0.266704937516874  0.105943230974695   -0.006819835333586  
65        0.945721471865516   -0.324978303356581  1.000000000000000   -0.266704937516874  -0.087757713716866  0.059741627250380   
66        -0.649097674542713  0.760705073535889   1.000000000000000   -0.266704937516874  0.045189286532588   -0.096064596631696  
67        0.172126310476031   -0.985074887123770  1.000000000000000   -0.266704937516874  0.009934689976044   0.105696642701718   
68        0.352669229341739   0.935748050853168   1.000000000000000   -0.266704937516874  -0.062298377496124  -0.085961564112603  
69        -0.779477917763024  -0.626429705329992  1.000000000000000   -0.266704937516874  0.097352866055613   0.042342624081329   
70        0.989713736934418   0.143061940862372   1.000000000000000   -0.266704937516874  -0.105358494024064  0.013040938628648   
71        -0.924964032001354  0.380054653311597   1.000000000000000   -0.266704937516874  0.084090949743938   -0.064801161366887  
72        0.603219087307846   -0.797575534170582  1.000000000000000   -0.266704937516874  -0.039459282056368  0.098556802925677   
73        -0.113873642911308  0.993495240778791   1.000000000000000   -0.266704937516874  -0.016135890483287  -0.104929077865224  
74        -0.407110852464396  -0.913378757036594  1.000000000000000   -0.266704937516874  0.067247810809850   0.082147491042742   
75        0.814982245580561   0.579485926825205   1.000000000000000   -0.266704937516874  -0.099675364323740  -0.036541758171501  
76        -0.996416122904570  -0.084586701175915  1.000000000000000   -0.266704937516873  0.104408766209741   -0.019216864517773  
77        0.901002261778729   -0.433814389191524  1.000000000000000   -0.266704937516874  -0.080132871542765  0.069636206399010   
78        -0.555250782886808  0.831682973315907   1.000000000000000   -0.266704937516874  0.033592579750782   -0.100707581288710  
79        0.055226485660086   -0.998473853078605  1.000000000000000   -0.266704937516874  0.022281191818295   0.103798009780974   
80        0.460142131380489   0.887845267447330   1.000000000000000   -0.266704937516874  -0.071964279171142  -0.078048836421261  
81        -0.847663250262523  -0.530534649343826  1.000000000000000   -0.266704937516874  0.101652559655923   0.030614301539213   
82        0.999666648778739   0.025818429841607   1.000000000000000   -0.266704937516873  -0.103097337650654  0.025326217891385   
83        -0.873919171374371  0.486071272453261   1.000000000000000   -0.266704937516873  0.075897190987218   -0.074230012418055  
84        0.505358936707810   -0.862909233401492  1.000000000000000   -0.266704937516874  -0.027609503489680  0.102509480831717   
85        0.003611991359764   0.999993476737932   1.000000000000000   2.874887716072919   -0.028349304963388  -0.102307356780574  
86        -0.511579351122626  -0.859236037131214  1.000000000000000   -0.266704937516874  0.076431443433577   0.073679799117497   
87        0.877407715800694   0.479745453603688   1.000000000000000   -0.266704937516874  -0.103277602502547  -0.024580788528049  
88        -0.999454053839338  0.033039283650112   1.000000000000000   -0.266704937516874  0.101428751496805   -0.031347834265453  
89        0.843808584078464   -0.536644270849413  1.000000000000000   -0.266704937516874  -0.071398581642238  0.078566665213763   
90        -0.453716387877908  0.891146138055383   1.000000000000000   -0.266704937516874  0.021530780298369   -0.103956259278017  
91        -0.062437955445958  -0.998048847361555  1.000000000000000   2.874887716072919   0.034319208302054   0.100462282896891   
92        0.561244318983772   0.827650176347738   1.000000000000000   -0.266704937516874  -0.080633828108848  -0.069055514680926  
93        -0.904112599167863  -0.427294287378068  1.000000000000000   -0.266704937516874  0.104544863267276   0.018462120890120   
94        0.995779074573838   -0.091782539956517  1.000000000000000   -0.266704937516874  -0.099408788190549  0.037260853101094   
95        -0.810774811264903  0.585358185573893   1.000000000000000   -0.266704937516874  0.066652627930567   -0.082631141425520  
96        0.400502040420695   -0.916295866856802  0.999999999999999   -0.266704937516874  -0.015377468549487  0.105042904588289   
97        0.121047617244463   0.992646701681640   1.000000000000001   2.874887716072919   -0.040170220443619  -0.098269179974425  
98        -0.608964981825897  -0.793197107224796  1.000000000000000   -0.266704937516874  0.084556874978118   0.064192002907447   
99        0.927685387287270   0.373362855964099   1.000000000000000   -0.266704937516874  -0.105449951809519  -0.012279495376637  
100       -0.988654442123364  0.150207836246118   1.000000000000000   -0.266704937516874  0.097044445441552   -0.043044790071232  
101       0.774932291027949   -0.632044258198881  1.000000000000000   -0.266704937516874  -0.061675771144008  0.086409360587420   
102       -0.345900243503452  0.938271294213061   1.000000000000000   -0.266704937516874  0.009170885010995   -0.105765652323663  
103       -0.179237936731982  -0.983805754219837  1.000000000000000   2.874887716072919   0.045882071869284   0.095735645526192   
104       0.654576022119473   0.755996184690271   1.000000000000000   -0.266704937516874  -0.088186993525708  -0.059106112342393  
105       -0.948044417523402  -0.318137992705543  1.000000000000000   -0.266704937516874  0.105989732653094   0.006054330306523   
106       0.978104838178514   -0.208112771188563  1.000000000000000   -0.266704937516874  -0.094343913984789  0.048679608023952   
107       -0.736405191737125  0.676540755300527   1.000000000000000   -0.266704937516874  0.056485252486262   -0.089888233906880  
108       0.290100152800819   -0.956996291186618  1.000000000000000   -0.266704937516874  -0.002932530999017  0.106121998686769   
109       0.236807326602576   0.971556632455021   1.000000000000000   2.874887716072920   -0.051434975151332  -0.092870456413849  
110       -0.697919430648965  -0.716176282993667  1.000000000000000   -0.266704937516873  0.091511608020384   0.053815461912526   
111       0.965119160583881   0.261811011750586   1.000000000000000   -0.266704937516873  -0.106162335848376  0.000191808632553   
112       -0.964166809475186  0.265296746128632   1.000000000000000   -0.266704937516873  0.091316549205585   -0.054145786396717  
113       0.695326981883759   -0.718693528748119  1.000000000000000   -0.266704937516873  -0.051099053344644  0.093055709607826   
114       -0.233295075207401  0.972405989226709   1.000000000000000   -0.266704937516873  -0.003315982108646  -0.106110709195585  
115       -0.293556350621642  -0.955941770721263  1.000000000000000   -0.266704937516873  0.056809693502222   0.089683538442227   
116       0.738845053900301   0.673875349250186   1.000000000000000   -0.266704937516873  -0.094519201081158  -0.048338379889219  
117       -0.978850464852361  -0.204577045286894  1.000000000000000   -0.266704937516873  0.105967163450321   -0.006437283093655  
118       0.946888641186606   -0.321561660015281  1.000000000000000   -0.266704937516873  -0.087972838729979  0.059424388840980   
119       -0.651839967709338  0.758356549715692   1.000000000000000   -0.266704937516873  0.045535832997600   -0.095900814681366  
120       0.175681799169397   -0.984447004891885  1.000000000000000   -0.266704937516873  0.009553007740287   0.105731822960020   
121       0.349288414528014   0.937015263203597   1.000000000000000   -0.266704937516873  -0.061987607416133  -0.086185931973601  
122       -0.777211114234048  -0.629239925553894  1.000000000000000   -0.266704937516873  0.097199353576674   0.042693840394272   
123       0.989190761306045   0.146634367549927   1.000000000000000   -0.266704937516873  -0.105404891589912  0.012660457031787   
124       -0.926330189650177  0.376712595678281   1.000000000000000   -0.266704937516872  0.084324366092701   -0.064497128822910  
125       0.606094800217465   -0.795392414566138  1.000000000000000   -0.266704937516872  -0.039814863973825  0.098413692899315   
126       -0.117459912955182  0.993077624784972   1.000000000000000   -0.266704937516872  -0.015756939119981  -0.104986652546427  
127       -0.403810447090668  -0.914842676540855  1.000000000000000   -0.266704937516872  0.066950779172057   0.082389753680839   
128       0.812884701042215   0.582424641315517   1.000000000000000   -0.266704937516872  -0.099542780719947  -0.036901397668321  
129       -0.996104228307879  -0.088183707946340  1.000000000000000   -0.266704937516872  0.104477468131856   -0.018839771657106  
130       0.902562675008630   -0.430558495075018  1.000000000000000   -0.266704937516872  -0.080383770608609  0.069346432972991   
131       -0.558249953277259  0.829672820855269   1.000000000000000   -0.266704937516872  0.033955965286911   -0.100585638958894  
132       0.058831113226538   -0.998267950059766  1.000000000000000   -0.266704937516872  0.021906284119413   0.103877779430514   
133       0.456933568960675   0.889500822684757   1.000000000000000   -0.266704937516872  -0.071682014975012  -0.078308154571903  
134       -0.845742231187243  -0.533591677583547  1.000000000000000   -0.266704937516872  0.101541364233422   0.030981118329565   
135       0.999566915702582   0.029427555671996   1.000000000000000   -0.266704937516872  -0.103188105926641  0.024953820120522   
136       -0.875668434483824  0.482912821168218   1.000000000000000   -0.266704937516872  0.076164703586622   -0.073955501965012  
137       0.508471174626191   -0.861079011806850  1.000000000000000   -0.266704937516872  -0.027979433776823  0.102409128640289   
138       0.000001493694179   0.999999999998884   1.000000000000000   2.874887716072922   -0.027979739712537  -0.102409045054398  
139       -0.508473747001337  -0.861077492802141  1.000000000000000   -0.266704937516872  0.076164924520088   0.073955274431134   
140       0.875669877128057   0.482910205204379   1.000000000000000   -0.266704937516872  -0.103188180472932  -0.024953511857464  
141       -0.999566827786584  0.029430541766429   1.000000000000000   -0.266704937516871  0.101541271680337   -0.030981421672916  
142       0.845740637137906   -0.533594204141658  1.000000000000000   -0.266704937516871  -0.071681781037824  0.078308368713570   
143       -0.456930911674238  0.889502187718810   1.000000000000000   -0.266704937516871  0.021905973796047   -0.103877844872629  
144       -0.058834095440322  -0.998267774303928  1.000000000000000   2.874887716072922   0.033956265775126   0.100585537518790   
145       0.558252431829688   0.829671153142159   1.000000000000000   -0.266704937516871  -0.080383977772976  -0.069346192835141  
146       -0.902563961250035  -0.430555798767878  1.000000000000000   -0.266704937516871  0.104477524413105   0.018839459542251   
147       0.996103964864452   -0.088186683696111  1.000000000000000   -0.266704937516871  -0.099542670480697  0.036901695041100   
148       -0.812882961110001  0.582427069715201   1.000000000000000   -0.266704937516872  0.066950533041569   -0.082389953688449  
149       0.403807714098516   -0.914843882875396  1.000000000000000   -0.266704937516872  -0.015756625484008  0.104986699618055   
150       0.117462879663178   0.993077273882166   1.000000000000000   2.874887716072922   -0.039815157973566  -0.098413573956416  
151       -0.606097176360787  -0.795390603922048  1.000000000000000   -0.266704937516872  0.084324558770296   0.064496876912994   
152       0.926331315032859   0.376709828368592   1.000000000000000   -0.266704937516872  -0.105404929411144  -0.012660142146386  
153       -0.989190323247831  0.146637322646218   1.000000000000000   -0.266704937516872  0.097199226033160   -0.042694130766296  
154       0.777209234446565   -0.629242247382504  1.000000000000000   -0.266704937516871  -0.061987349945009  0.086186117154272   
155       -0.349285615297988  0.937016306659551   1.000000000000000   -0.266704937516871  0.009552691878230   -0.105731851498092  
156       -0.175684740094109  -0.984446480057735  1.000000000000000   2.874887716072922   0.045536119490371   0.095900678647722   
157       0.651842233211936   0.758354602413196   1.000000000000000   -0.266704937516871  -0.087973016253313  -0.059424126031683  
158       -0.946889601811930  -0.321558831289773  1.000000000000000   -0.266704937516871  0.105967182680513   0.006436966528560   
159       0.978849853696917   -0.204579969492430  1.000000000000000   -0.266704937516871  -0.094519056675225  0.048338662254561   
160       -0.738843040769658  0.673877556464263   1.000000000000000   -0.266704937516871  0.056809425582414   -0.089683708154442  
161       0.293553494851055   -0.955942647683809  1.000000000000000   -0.266704937516871  -0.003315665114739  0.106110719101238   
162       0.233297980160647   0.972405292279388   1.000000000000000   2.874887716072922   -0.051099331337955  -0.093055556954697  
163       -0.695329128897301  -0.718691451533215  1.000000000000000   -0.266704937516871  0.091316710959667   0.054145513598484   
164       0.964167602015281   0.265293865786798   1.000000000000000   -0.266704937516871  -0.106162336420910  -0.000191491484432  
165       -0.965118378448421  0.261813894935107   1.000000000000000   -0.266704937516871  0.091511447252295   -0.053815735292993  
166       0.697917291149204   -0.716178367946811  1.000000000000000   -0.266704937516871  -0.051434697710988  0.092870610069678   
167       -0.236804424184610  0.971557339886121   1.000000000000000   -0.266704937516871  -0.002932848026620  -0.106121989925688  
168       -0.290103011719037  -0.956995424540548  1.000000000000000   -0.266704937516871  0.056485521017068   0.089888065163098   
169       0.736407212823765   0.676538555369267   1.000000000000000   -0.266704937516871  -0.094344059409259  -0.048679326181832  
170       -0.978105459887802  -0.208109849208706  1.000000000000000   -0.266704937516871  0.105989714565987   -0.006054646938980  
171       0.948043467117464   -0.318140824880898  1.000000000000000   -0.266704937516871  -0.088186816952409  0.059106375790919   
172       -0.654573763662419  0.755998140159626   0.999999999999999   -0.266704937516872  0.045881785869536   -0.095735782593328  
173       0.179234997721418   -0.983806289668755  1.000000000000000   -0.266704937516872  0.009171200974022   0.105765624926197   
174       0.345903046482558   0.938270260870548   1.000000000000000   -0.266704937516872  -0.061676029282042  -0.086409176337560  
175       -0.774934179186085  -0.632041943172436  1.000000000000000   -0.266704937516872  0.097044574032620   0.043044500161604   
176       0.988654890848077   0.150204882750783   1.000000000000000   -0.266704937516872  -0.105449915125429  0.012279810396529   
177       -0.927684271903323  0.373365627318855   1.000000000000000   -0.266704937516872  0.084556683211307   -0.064192255511375  
178       0.608962612235468   -0.793198926436083  1.000000000000000   -0.266704937516872  -0.040169926875247  0.098269299978031   
179       -0.121044651822842  0.992647063293438   1.000000000000000   -0.266704937516872  -0.015377782353356  -0.105042858649352  
180       -0.400504777750398  -0.916294670397632  1.000000000000000   -0.266704937516872  0.066652874781569   0.082630942307876   
181       0.810776559953437   0.585355763472155   1.000000000000000   -0.266704937516872  -0.099408899502740  -0.037260556128284  
182       -0.995779348759474  -0.091779565177427  1.000000000000000   -0.266704937516872  0.104544808113288   -0.018462433206130  
183       0.904111322669909   -0.427296988311488  1.000000000000000   -0.266704937516872  -0.080633621812858  0.069055755565166   
184       -0.561241846468885  0.827651852998709   1.000000000000000   -0.266704937516871  0.034318908182062   -0.100462385421242  
185       0.062434973886321   -0.998049033883514  1.000000000000000   -0.266704937516871  0.021531090855976   0.103956194956754   
186       0.453719050075344   0.891144782624421   1.000000000000000   -0.266704937516871  -0.071398816351049  -0.078566451918133  
187       -0.843810187239460  -0.536641750063212  1.000000000000000   -0.266704937516871  0.101428845144503   0.031347531258258   
188       0.999454152536045   0.033036297892724   1.000000000000000   -0.266704937516871  -0.103277529069730  0.024581097058229   
189       -0.877406282610877  0.479748074758994   1.000000000000000   -0.266704937516871  0.076431223323075   -0.073680027447560  
190       0.511576784248760   -0.859237565413488  1.000000000000000   -0.266704937516871  -0.028348999331474  0.102307441470497   
191       -0.003609003991058  0.999993487523890   1.000000000000000   -0.266704937516871  -0.027609809725168  -0.102509398350956  
192       -0.505361514550393  -0.862907723694332  1.000000000000000   -0.266704937516871  0.075897412740741   0.074229785683354   
193       0.873920623454039   0.486068661715300   1.000000000000000   -0.266704937516871  -0.103097413309438  -0.025325909899506  
194       -0.999666571644606  0.025821416233805   1.000000000000000   -0.266704937516871  0.101652468198668   -0.030614605214730  
195       0.847661665345811   -0.530537181640614  1.000000000000000   -0.266704937516871  -0.071964046008652  0.078049051406149   
196       -0.460139479040002  0.887846642066520   1.000000000000000   -0.266704937516871  0.022280881733251   -0.103798076343080  
197       -0.055229468488794  -0.998473688091201  1.000000000000000   2.874887716072922   0.033592880603267   0.100707480934187   
198       0.555253267444183   0.831681314562590   1.000000000000000   -0.266704937516871  -0.080133079572785  -0.069635967010710  
199       -0.901003557746669  -0.433811697546120  1.000000000000001   -0.266704937516871  0.104408823617509   0.019216552608178   
200       0.996415870206817   -0.084589677857238  1.000000000000000   -0.266704937516871  -0.099675255158882  0.036542055940339   
201       -0.814980514427546  0.579488361490903   1.000000000000000   -0.266704937516871  0.067247565403112   -0.082147691937688  
202       0.407108123845731   -0.913379973230642  1.000000000000000   -0.266704937516871  -0.016135577019335  0.104929126068924   
203       0.113876610866675   0.993494900589590   1.000000000000000   2.874887716072923   -0.039459576483614  -0.098556685045049  
204       -0.603221469972821  -0.797573732117494  1.000000000000000   -0.266704937516871  0.084091143329782   0.064800910154295   
205       0.924965167367977   0.380051890083356   1.000000000000000   -0.266704937516871  -0.105358532981939  -0.013040623881879  
206       -0.989713309548463  0.143064897520771   1.000000000000000   -0.266704937516871  0.097352739561328   -0.042342914911934  
207       0.779476046370904   -0.626432033930246  1.000000000000000   -0.266704937516870  -0.062298120695294  0.085961750221652   
208       -0.352666433897589  0.935749104408846   1.000000000000000   -0.266704937516870  0.009934374219109   -0.105696672380022  
209       -0.172129253276236  -0.985074372911287  1.000000000000000   2.874887716072923   0.045189573514617   0.096064461633333   
210       0.649099947061078   0.760703134425845   1.000000000000000   -0.266704937516870  -0.087757892187900  -0.059741365083767  
211       -0.945722442697601  -0.324975478118093  1.000000000000000   -0.266704937516871  0.105943251347718   0.006819518840013   
212       0.979582109187118   -0.201044500945729  1.000000000000000   -0.266704937516871  -0.094692967240202  0.047997086355123   
213       -0.741271258439474  0.671205573138036   1.000000000000000   -0.266704937516870  0.057132858125904   -0.089478013308859  
214       0.297003010215540   -0.954876542765036  1.000000000000000   -0.266704937516870  -0.003698756008336  0.106098056284391   
215       0.229785592507759   0.973241276085154   1.000000000000000   2.874887716072923   -0.050763021407179  -0.093239444447880  
216       -0.692729763018651  -0.721197251400838  1.000000000000000   -0.266704937516871  0.091120623518413   0.054474859457833   
217       0.963203474812388   0.268773261522314   1.000000000000000   -0.266704937516870  -0.106160953089258  -0.000574789105193  
218       -0.966057366393338  0.258327630804696   1.000000000000000   -0.266704937516870  0.091705152379947   -0.053484982661546  
219       0.700498502549190   -0.713653871233347  1.000000000000000   -0.266704937516870  -0.051769671588202  0.092684299894776   
220       -0.240310686241955  0.970696025580573   1.000000000000000   -0.266704937516870  -0.002549675712753  -0.106131887277551  
221       -0.286645891110095  -0.958036603220200  1.000000000000000   -0.266704937516870  0.056160612201569   0.090091420126892   
222       0.733959772137197   0.679192942310441   1.000000000000000   -0.266704937516870  -0.094167687893109  -0.049019637903610  
223       -0.977347704598723  -0.211639940265552  1.000000000000000   -0.266704937516870  0.106010884027720   -0.005671931857518  
224       0.949185934604042   -0.314715842546655  1.000000000000000   -0.266704937516870  -0.088399645594782  0.058787592245745   
225       -0.657299026764819  0.753629875611379   1.000000000000000   -0.266704937516870  0.046227140638634   -0.095569502518905  
226       0.182785859813415   -0.983152749806596  1.000000000000000   -0.266704937516870  0.008789274654395   0.105798048159617   
227       0.342513169336246   0.939513027494158   1.000000000000000   -0.266704937516870  -0.061363647155513  -0.086631294294319  
228       -0.772647142300732  -0.634835721659164  1.000000000000000   -0.266704937516870  0.096888529441120   0.043394598812206   
229       0.988106132545996   0.153773439920536   1.000000000000000   -0.266704937516870  -0.105493564043698  0.011899003684897   
230       -0.929026261109291  0.370013791863617   1.000000000000000   -0.266704937516870  0.084787898071324   -0.063886545406540  
231       0.611822485977729   -0.790995098374214  1.000000000000000   -0.266704937516870  -0.040524466132119  0.098123626044097   
232       -0.124627812784476  0.992203561916887   1.000000000000000   -0.266704937516870  -0.014998425126010  -0.105097695441311  
233       -0.397193887535512  -0.917734719679073  1.000000000000000   -0.266704937516870  0.066354101521797   0.082871053779773   
234       0.808657849795455   0.588279255085705   1.000000000000000   -0.266704937516870  -0.099273722417366  -0.037619228869487  
235       -0.995441488494408  -0.095374225994438  1.000000000000000   -0.266704937516870  0.104610785276208   -0.018084854083740  
236       0.905648184574762   -0.424029911417153  1.000000000000000   -0.266704937516870  -0.080882421898512  0.068764177964739   
237       -0.564226423460085  0.825620096091077   0.999999999999999   -0.266704937516870  0.034681403704998   -0.100337822282458  
238       0.066038020660377   -0.997817107403586  1.000000000000000   -0.266704937516870  0.021155616918912   0.104033255337490   
239       0.450498616628188   0.892777125836057   1.000000000000000   -0.266704937516870  -0.071114686990960  -0.078823725092848  
240       -0.841867143604829  -0.539684827022816  1.000000000000000   -0.266704937516870  0.101315003855938   0.031713535548822   
241       0.999328360749080   0.036644609461103   1.000000000000000   -0.266704937516870  -0.103365605914224  0.024208053563235   
242       -0.879132693101363  0.476577074480451   1.000000000000000   -0.266704937516870  0.076696746722291   -0.073403592456717  
243       0.514675725091544   -0.857384918226052  1.000000000000000   -0.266704937516870  -0.028718195336066  0.102204420647909   
244       -0.007219454630379  0.999973939397843   1.000000000000000   -0.266704937516870  -0.027239519823598  -0.102608415362069  
245       -0.502242694340092  -0.864726705949345  1.000000000000000   -0.266704937516870  0.075628911582754   0.074503329295697   
246       0.872159977581481   0.489220781963594   1.000000000000000   -0.266704937516869  -0.103005302195285  -0.025697977799685  
247       -0.999753284113167  0.022211954099903   1.000000000000000   -0.266704937516869  0.101762339602270   -0.030247389672623  
248       0.849571643660136   -0.527473243196860  1.000000000000000   -0.266704937516869  -0.072245372875189  0.077788716671893   
249       -0.463342048149125  0.886179522679787   1.000000000000000   -0.266704937516869  0.022655499222778   -0.103716954729214  
250       -0.051624121580376  -0.998666586039132  1.000000000000000   2.874887716072924   0.033229057523475   0.100828111553459   
251       0.552246864923595   0.833680634405083   1.000000000000000   -0.266704937516869  -0.079881136778920  -0.069924833430210  
252       -0.899431408998778  -0.437061941269738  1.000000000000000   -0.266704937516869  0.104338761776057   0.019593395172213   
253       0.996714786535015   -0.080991569329529  1.000000000000000   -0.266704937516869  -0.099806540496765  0.036181940486972   
254       -0.817067443874379  0.576542099209232   1.000000000000000   -0.266704937516869  0.067543721143160   -0.081904359331297  
255       0.410403226639064   -0.911904157005683  1.000000000000000   -0.266704937516869  -0.016514318215554  0.104870184691411   
256       0.110288857604607   0.993899576359840   1.000000000000000   2.874887716072924   -0.039103480609029  -0.098698511374764  
257       -0.600337900148945  -0.799746463352452  1.000000000000000   -0.266704937516869  0.083856631699320   0.065104098668054   
258       0.923586962101358   0.383388997542162   1.000000000000000   -0.266704937516869  -0.105310763126717  -0.013420935623257  
259       -0.990223394207747  0.139490607438958   1.000000000000000   -0.266704937516869  0.097504984024896   -0.041991147086499  
260       0.781732697251414   -0.623613654475293  1.000000000000000   -0.266704937516869  -0.062608079343741  0.085736262714344   
261       -0.356042655230813  0.934469703979852   1.000000000000000   -0.266704937516869  0.010315927058124   -0.105660115428040  
262       -0.168571522626726  -0.985689424595449  1.000000000000000   2.874887716072925   0.044842438459501   0.096226992347995   
263       0.646349199414596   0.763041750113393   1.000000000000000   -0.266704937516869  -0.087541624133769  -0.060057825363204  
264       -0.944542955395180  -0.328387888652030  1.000000000000000   -0.266704937516869  0.105917938966673   0.007201982254034   
265       0.980301595103634   -0.197506411635855  1.000000000000000   -0.266704937516869  -0.094865643412669  0.047654884778327   
266       -0.743689813093000  0.668524840153078   1.000000000000000   -0.266704937516869  0.057455545900555   -0.089271152051514  
267       0.300448653927354   -0.953797990327743  1.000000000000000   -0.266704937516869  -0.004081798685943  0.106084010401298   
268       0.226270209430413   0.974064572974665   1.000000000000000   2.874887716072924   -0.050426049743046  -0.093422116496293  
269       -0.690121366897614  -0.723693649931633  1.000000000000000   -0.266704937516869  0.090923348252763   0.054803495197313   
270       0.962226791543291   0.272249153600712   1.000000000000000   -0.266704937516869  -0.106158185871454  -0.000958079233172  
271       -0.966983761069558  0.254837999183349   1.000000000000000   -0.266704937516869  0.091897662063456   -0.053153532813973  
272       0.703070582435777   -0.711120071516348  1.000000000000000   -0.266704937516869  -0.052103970609662  0.092496781511805   
273       -0.243813815672803  0.969822057537911   1.000000000000000   -0.266704937516869  -0.002166470161970  -0.106140401122157  
274       -0.283185033860854  -0.959065293187709  1.000000000000000   -0.266704937516869  0.055834971291144   0.090293600682730   
275       0.731502763744734   0.681838475471878   1.000000000000000   -0.266704937516869  -0.093990088831837  -0.049359310618347  
276       -0.976577208863004  -0.215167272440177  1.000000000000000   -0.266704937516870  0.106030671559563   -0.005289142838233  
277       0.950316028753461   -0.311286757659639  1.000000000000000   -0.266704937516870  -0.088611321882728  0.058468042361026   
278       -0.660015721490784  0.751251786942966   1.000000000000000   -0.266704937516870  0.046571892802948   -0.095401976625675  
279       0.186334339157360   -0.982486393824764  1.000000000000000   -0.266704937516870  0.008407233760088   0.105829092237618   
280       0.339118827278561   0.940743546874074   1.000000000000000   -0.266704937516870  -0.061050465108669  -0.086852282948408  
281       -0.770350033391159  -0.637621224595167  1.000000000000000   -0.266704937516870  0.096731221836327   0.043744131782290   
282       0.987544493553260   0.157339992540469   1.000000000000000   -0.266704937516870  -0.105535837775723  0.011518041860980   
283       -0.930356139774280  0.366657133006165   1.000000000000000   -0.266704937516870  0.085018007658698   -0.063580002493557  
284       0.614674384163718   -0.788780959109026  1.000000000000000   -0.266704937516870  -0.040878477122763  0.097976672996478   
285       -0.128209349130975  0.991747126436679   0.999999999999999   -0.266704937516870  -0.014618872383143  -0.105151162207464  
286       -0.393877819605877  -0.919162805613086  1.000000000000000   -0.266704937516870  0.066054463287469   0.083110084966504   
287       0.806528598187201   0.591195078046314   1.000000000000000   -0.266704937516871  -0.099137251225955  -0.037977411216366  
288       -0.995090651916935  -0.098967643538331  1.000000000000000   -0.266704937516871  0.104675398760556   -0.017707039211956  
289       0.907173240689063   -0.420757306980762  1.000000000000000   -0.266704937516870  -0.081130167622278  0.068471703972636   
290       -0.567203645344700  0.823577576617822   1.000000000000000   -0.266704937516870  0.035043447130323   -0.100211951166312  
291       0.069640206580334   -0.997572173643315  1.000000000000000   -0.266704937516870  0.020779867202803   0.104108959568181   
292       0.447272310599929   0.894397831040863   1.000000000000000   -0.266704937516870  -0.070829630598581  -0.079079970742305  
293       -0.839913125612356  -0.542720868793602  1.000000000000000   -0.266704937516870  0.101199841851732   0.032079126430120   
294       0.999189541981475   0.040252443340126   1.000000000000000   -0.266704937516870  -0.103452335311975  0.023834694498437   
295       -0.880847643450243  0.473399861668921   1.000000000000000   -0.266704937516870  0.076961270322976   -0.073126200596018  
296       0.517767956757558   -0.855521094395167  1.000000000000000   -0.266704937516870  -0.029087016977856  0.102100067515477   
297       -0.010829811158889  0.999941355875565   1.000000000000000   -0.266704937516870  -0.026868874834832  -0.102706094796975  
298       -0.499117327026569  -0.866534415855396  1.000000000000000   -0.266704937516870  0.075359424546239   0.074775901702319   
299       0.870387962461709   0.492366524859027   1.000000000000000   -0.266704937516870  -0.102911848331209  -0.026069710707820  
300       -0.999826964061905  0.018602202416751   1.000000000000000   -0.266704937516870  0.101870884458885   -0.029879779833522  
301       0.851470547182886   -0.524402428751123  1.000000000000000   -0.266704937516870  -0.072525757970126  0.077527367904462   
302       -0.466538577253719  0.884500851290758   1.000000000000000   -0.266704937516869  0.023029821381206   -0.103634481088511  
303       -0.048018101713471  -0.998846465633149  1.000000000000000   2.874887716072924   0.032864801278456   0.100947427804094   
304       0.549233263458642   0.835669086606995   1.000000000000000   -0.266704937516869  -0.079628152675643  -0.070212788328051  
305       -0.897847535500511  -0.440306487569351  1.000000000000000   -0.266704937516869  0.104267339802054   0.019969982321928   
306       0.997000709952444   -0.077392405017051  1.000000000000000   -0.266704937516869  -0.099936524782942  0.035821353375378   
307       -0.819143722245793  0.573588321276948   1.000000000000000   -0.266704937516869  0.067838996401099   -0.081659959041301  
308       0.413692979524347   -0.910416453438902  1.000000000000000   -0.266704937516869  -0.016892844135487  0.104809876253860   
309       0.106699666646067   0.994291295917659   1.000000000000000   2.874887716072924   -0.038746874991791  -0.098839051096749  
310       -0.597446504478688  -0.801908769303714  1.000000000000000   -0.266704937516869  0.083621026935947   0.065406438501977   
311       0.922196717198961   0.386721107243268   1.000000000000000   -0.266704937516869  -0.105261620468194  -0.013801072412865  
312       -0.990720570576338  0.135914498994385   1.000000000000000   -0.266704937516869  0.097655957439239   -0.041638831875555  
313       0.783979157670919   -0.620787145757381  1.000000000000000   -0.266704937516869  -0.062917221849799  0.085509657571753   
314       -0.359414235286023  0.933178122050535   1.000000000000000   -0.266704937516869  0.010697345421440   -0.105622181118691  
315       -0.165011594523336  -0.986291627092548  1.000000000000000   2.874887716072924   0.044494718850196   0.096388268672994   
316       0.643590026130605   0.765370418990182   1.000000000000000   -0.266704937516869  -0.087324214910139  -0.060373502744690  
317       -0.943351155280197  -0.331796018408176  1.000000000000000   -0.266704937516870  0.105891245867342   0.007584351784918   
318       0.981008302067408   -0.193965747684538  1.000000000000000   -0.266704937516870  -0.095037082941657  0.047312061985035   
319       -0.746098673202501  0.665835392454823   1.000000000000000   -0.266704937516869  0.057777484699881   -0.089063127079001  
320       0.303890381069853   -0.952707004431698  1.000000000000000   -0.266704937516869  -0.004464788154300  0.106068581635056   
321       0.222751876754362   0.974875172215607   1.000000000000000   2.874887716072924   -0.050088420738244  -0.093603570718664  
322       -0.687503974536667  -0.726180614583098  1.000000000000000   -0.266704937516869  0.090724887734354   0.055131416532900   
323       0.961237564939818   0.275721496711028   1.000000000000000   -0.266704937516869  -0.106154034803570  -0.001341356871883  
324       -0.967897550400799  0.251345045561143   1.000000000000000   -0.266704937516869  0.092088973793307   -0.052821390070982  
325       0.705633497279891   -0.708577001825877  1.000000000000000   -0.266704937516869  -0.052437590417518  0.092308057365215   
326       -0.247313766811116  0.968935447150994   1.000000000000000   -0.266704937516869  -0.001783236369655  -0.106147531348521  
327       -0.279720485086299  -0.960081481033295  1.000000000000000   -0.266704937516869  0.055508602530778   0.090494604195031   
328       0.729036219675408   0.684475120366978   1.000000000000000   -0.266704937516869  -0.093811264540587  -0.049698339898143  
329       -0.975793982724659  -0.218691799751038  1.000000000000000   -0.266704937516869  0.106049076903569   -0.004906284871080  
330       0.951433734834056   -0.307853614920660  1.000000000000000   -0.266704937516869  -0.088821843056878  0.058147730302348   
331       -0.662723812426071  0.748863905154638   1.000000000000000   -0.266704937516869  0.046916037868364   -0.095233207097470  
332       0.189880389496047   -0.981807230409733  1.000000000000000   -0.266704937516869  0.008025083271303   0.105858756755518   
333       0.335720064557398   0.941961802969514   1.000000000000000   -0.266704937516869  -0.060736487224083  -0.087072139419071  
334       -0.768042882401968  -0.640398415669243  1.000000000000000   -0.266704937516869  0.096572653268869   0.044093094515423   
335       0.986969981191269   0.160904494117801   1.000000000000000   -0.266704937516869  -0.105576735770435  0.011136929890910   
336       -0.931673890562293  0.363295694503143   1.000000000000000   -0.266704937516869  0.085247008973774   -0.063272630768450  
337       0.617518269616744   -0.786556537503530  1.000000000000000   -0.266704937516869  -0.041231955232375  0.097828442750822   
338       -0.131789214174263  0.991277762802803   1.000000000000000   -0.266704937516868  -0.014239129072514  -0.105203258250834  
339       -0.390556617188976  -0.920578909583477  1.000000000000000   -0.266704937516868  0.065753963984598   0.083348032752114   
340       0.804388832885095   0.594103194344008   1.000000000000000   -0.266704937516869  -0.098999487707514  -0.038335098499743  
341       -0.994726843600476  -0.102559770966181  1.000000000000000   -0.266704937516869  0.104738647724046   -0.017328993515881  
342       0.908686471132551   -0.417479217663193  1.000000000000000   -0.266704937516868  -0.081376855754604  0.068178337401478   
343       -0.570173473312390  0.821524321204726   1.000000000000000   -0.266704937516869  0.035405033738529   -0.100084773713632  
344       0.073241484688981   -0.997314235795596  1.000000000000000   -0.266704937516869  0.020403846605827   0.104183306661966   
345       0.444040174047901   0.896006877111727   1.000000000000000   -0.266704937516869  -0.070543650889838  -0.079335185526146  
346       -0.837948158734137  -0.545749835798481  1.000000000000000   -0.266704937516869  0.101083360633108   0.032444299136401   
347       0.999037698042836   0.043859752498968   1.000000000000000   -0.266704937516869  -0.103537716132401  0.023461024730851   
348       -0.882551111301852  0.470216477741759   1.000000000000000   -0.266704937516869  0.077224790676865   -0.072847855481474  
349       0.520853438937243   -0.853646118217173  1.000000000000000   -0.266704937516869  -0.029455459448979  0.101994383433525   
350       -0.014440026512887  0.999895737381807   1.000000000000000   -0.266704937516868  -0.026497879590503  -0.102802435382352  
351       -0.495985453351320  -0.868330829847638  1.000000000000000   -0.266704937516868  0.075088955144161   0.075047499350035   
352       0.868604601194258   0.495505849394499   1.000000000000000   -0.266704937516868  -0.102817052935451  -0.026441103778096  
353       -0.999887610530346  0.014992208240141   1.000000000000000   -0.266704937516868  0.101978101353551   -0.029511780489495  
354       0.853358351160448   -0.521324778333740  1.000000000000000   -0.266704937516868  -0.072805197638439  0.077265008510730   
355       -0.469729024684669  0.882810649782154   1.000000000000000   -0.266704937516868  0.023403843328970   -0.103550656496076  
356       -0.044411455895201  -0.999013324528391  1.000000000000000   2.874887716072926   0.032500116616558   0.101065428130719   
357       0.546212502333831   0.837646645247395   1.000000000000000   -0.266704937516868  -0.079374130560789  -0.070499827950529  
358       -0.896251957898813  -0.443545294149926  1.000000000000000   -0.266704937516868  0.104194558626542   0.020346309148235   
359       0.997273636731882   -0.073792231837536  1.000000000000000   -0.266704937516868  -0.100065206322973  0.035460299306071   
360       -0.821209322475987  0.570627066198696   1.000000000000000   -0.266704937516868  0.068133387327801   -0.081414494253636  
361       0.416977339617265   -0.908916881923594  1.000000000000000   -0.266704937516868  -0.017271149844774  0.104748201542436   
362       0.103109084778758   0.994670054156697   1.000000000000000   2.874887716072926   -0.038389764280514  -0.098978302378966  
363       -0.594547320653481  -0.804060621784058  0.999999999999999   -0.266704937516868  0.083384332110940   0.065707925714847   
364       0.920794450783630   0.390048175750219   1.000000000000000   -0.266704937516868  -0.105211105646979  -0.014181029295348  
365       -0.991204832173186  0.132336618804194   1.000000000000000   -0.266704937516868  0.097805657836312   -0.041285973871784  
366       0.786215398345198   -0.617952544622078  1.000000000000000   -0.266704937516868  -0.063225544183575  0.085281937747838   
367       -0.362781130112264  0.931874375457587   1.000000000000000   -0.266704937516867  0.011078624336998   -0.105582869946479  
368       -0.161449515372261  -0.986880972552446  1.000000000000000   2.874887716072926   0.044146419219474   0.096548288505979   
369       0.640822463176885   0.767689110700360   1.000000000000000   -0.266704937516868  -0.087105667351096  -0.060688393113145  
370       -0.942147057888604  -0.335199822959152  1.000000000000000   -0.266704937516867  0.105863172397690   0.007966622448209   
371       0.981702220866017   -0.190422555246827  1.000000000000000   -0.266704937516867  -0.095207283592334  0.046968622444184   
372       -0.748497807366793  0.663137265102107   1.000000000000000   -0.266704937516867  0.058098670327185   -0.088853941103074  
373       0.307328146777720   -0.951603599298664  1.000000000000000   -0.266704937516867  -0.004847719420872  0.106051770186791   
374       0.219230640343523   0.975673063241252   1.000000000000000   2.874887716072926   -0.049750138794001  -0.093783804749611  
375       -0.684877620055336  -0.728658112935922  1.000000000000000   -0.266704937516867  0.090525244550257   0.055458619189912   
376       0.960235807897221   0.279190245588866   1.000000000000000   -0.266704937516867  -0.106148499939718  -0.001724617025036  
377       -0.968798722475187  0.247848815471136   1.000000000000000   -0.266704937516867  0.092279085075621   -0.052488558762283  
378       0.708187213672174   -0.706024695312595  1.000000000000000   -0.266704937516867  -0.052770526662808  0.092118129915155   
379       -0.250810494032633  0.968036205977394   1.000000000000000   -0.266704937516867  -0.001399979331523  -0.106153277863695  
380       -0.276252289949196  -0.961085153510252  0.999999999999999   -0.266704937516867  0.055181510174911   0.090694428043577   
381       0.726560172082304   0.687102842625274   1.000000000000000   -0.266704937516867  -0.093631217350454  -0.050036721323520  
382       -0.974998036393575  -0.222213476253519  1.000000000000000   -0.266704937516867  0.106066099819812   -0.004523362946874  
383       0.952539038275767   -0.304416459083072  1.000000000000000   -0.266704937516867  -0.089031206372947  0.057826660245195   
384       -0.665423264268870  0.746466261374056   1.000000000000000   -0.266704937516867  0.047259571348716   -0.095063196134314  
385       0.193423964604300   -0.981115268414856  1.000000000000000   -0.266704937516867  0.007642828169632   0.105887041326618   
386       0.332316925477943   0.943167779899677   1.000000000000000   -0.266704937516867  -0.060421717594671  -0.087290860840326  
387       -0.765725719408443  -0.643167258678816  1.000000000000000   -0.266704937516867  0.096412825805795   0.044441482462637   
388       0.986382602949183   0.164466898186820   1.000000000000000   -0.266704937516867  -0.105616257494698  0.010755672742744   
389       -0.932979496295545  0.359929520173202   1.000000000000000   -0.266704937516867  0.085474899031362   -0.062964434238020  
390       0.620354105264810   -0.784321862554587  1.000000000000000   -0.266704937516868  -0.041584895853123  0.097678937239409   
391       -0.135367361248335  0.990795477133734   1.000000000000000   -0.266704937516868  -0.013859200144338  -0.105253982892309  
392       -0.387230323578973  -0.921983013130352  1.000000000000000   -0.266704937516868  0.065452607530400   0.083584894034789   
393       0.802238581782456   0.597003566069478   1.000000000000000   -0.266704937516868  -0.098860433657885  -0.038692286056916  
394       -0.994350068287522  -0.106150561452115  1.000000000000000   -0.266704937516868  0.104800531342184   -0.016950721923604  
395       0.910187856179214   -0.414195686196617  1.000000000000000   -0.266704937516868  -0.081622483079737  0.067884082075501   
396       -0.573135868649380  0.819460356617403   1.000000000000000   -0.266704937516868  0.035766158816080   -0.099956291582263  
397       0.076841808041146   -0.997043297222827  1.000000000000000   -0.266704937516868  0.020027560029677   0.104256295649678   
398       0.440802249105257   0.897604243073609   1.000000000000000   -0.266704937516868  -0.070256751592675  -0.079589366117469  
399       -0.835972268584888  -0.548771688552751  1.000000000000000   -0.266704937516868  0.100965561718481   0.032809048907382   
400       0.998872830912554   0.047466489913828   1.000000000000000   -0.266704937516868  -0.103621747262503  0.023087049131524   
401       -0.884243074450292  0.467026964196603   1.000000000000000   -0.266704937516868  0.077487304348787   -0.072568560741507  
402       0.523932131409175   -0.851760014133699  1.000000000000000   -0.266704937516868  -0.029823517946527  0.101887369779716   
403       -0.018050053630682  0.999837084511236   1.000000000000000   -0.266704937516868  -0.026126538926795  -0.102897435862329  
404       -0.492847114140520  -0.870115924508546  1.000000000000000   -0.266704937516868  0.074817506902278   0.075318118698378   
405       0.866809917026499   0.498638714646701   1.000000000000000   -0.266704937516867  -0.102720917243735  -0.026812152169141  
406       -0.999935222727919  0.011382018628901   1.000000000000000   -0.266704937516867  0.102083988888620   -0.029143396437674  
407       0.855235030983955   -0.518240332064065  0.999999999999999   -0.266704937516867  -0.073083688237432  0.077001641910736   
408       -0.472913348852223  0.881108940186953   1.000000000000000   -0.266704937516867  0.023777560190429   -0.103465482044622  
409       -0.040804231140765  -0.999167160549730  1.000000000000000   2.874887716072926   0.032135008291706   0.101182110995113   
410       0.543184620926940   0.839613284547390   1.000000000000000   -0.266704937516868  -0.079119073745717  -0.070785948555876  
411       -0.894644696993182  -0.446778318791297  1.000000000000000   -0.266704937516867  0.104120419198272   0.020722370745444   
412       0.997533563315534   -0.070191096721826  1.000000000000000   -0.266704937516867  -0.100192583439402  0.035098782985652   
413       -0.823264217638375  0.567658372576564   1.000000000000000   -0.266704937516868  0.068426890085667   -0.081167968168111  
414       0.420256264103814   -0.907405462007754  1.000000000000000   -0.266704937516868  -0.017649230411926  0.104685161361112   
415       0.099517158808507   0.995035846139566   1.000000000000000   2.874887716072926   -0.038032153130392  -0.099116263406173  
416       -0.591640386466282  -0.806201992742531  1.000000000000000   -0.266704937516868  0.083146550309789   0.066008556376557   
417       0.919380181134920   0.393370159692269   1.000000000000000   -0.266704937516868  -0.105159219321570  -0.014560801317692  
418       -0.991676172685586  0.128757013508653   1.000000000000000   -0.266704937516868  0.097954083264659   -0.040932577674946  
419       0.788441390123225   -0.615109888020472  1.000000000000000   -0.266704937516867  -0.063533042325863  0.085053106211093   
420       -0.366143295819602  0.930558481196297   1.000000000000000   -0.266704937516868  0.011459758834547   -0.105542182423851  
421       -0.157885331607816  -0.987457453292591  1.000000000000000   2.874887716072926   0.043797544107676   0.096707049760974   
422       0.638046546630655   0.769997795018074   1.000000000000000   -0.266704937516867  -0.086885984305565  -0.061002492363743  
423       -0.940930678916702  -0.338599257933852  1.000000000000000   -0.266704937516867  0.105833718923675   0.008348789260724   
424       0.982383342453713   -0.186876880510859  1.000000000000000   -0.266704937516867  -0.095376243146006  0.046624570632762   
425       -0.750887184311381  0.660430493267026   1.000000000000000   -0.266704937516867  0.058419098595572   -0.088643596850626  
426       0.310761906237111   -0.950487789312349  1.000000000000000   -0.266704937516867  -0.005230587493865  0.106033576275652   
427       0.215706546099849   0.976458235650493   1.000000000000000   2.874887716072926   -0.049411208320075  -0.093962816239646  
428       -0.682242337690123  -0.731126112694053  1.000000000000000   -0.266704937516867  0.090324421302968   0.055785098903016   
429       0.959221533474157   0.282655355016469   1.000000000000000   -0.266704937516866  -0.106141581352049  -0.002107854696546  
430       -0.969687265545262  0.244349354489331   1.000000000000000   -0.266704937516866  0.092467993432152   -0.052155043226584  
431       0.710731698322995   -0.703463185247751  1.000000000000000   -0.266704937516867  -0.053102775005452  0.091927001637472   
432       -0.254303951754852  0.967124345739402   1.000000000000000   -0.266704937516866  -0.001016704043622  -0.106157640592767  
433       -0.272780493660115  -0.962076297534944  1.000000000000000   -0.266704937516866  0.054853698487441   0.090893069623511   
434       0.724074653242596   0.689721607992395   1.000000000000000   -0.266704937516866  -0.093449949608490  -0.050374450483415  
435       -0.974189380245521  -0.225732256039865  1.000000000000000   -0.266704937516866  0.106081740086384   -0.004140382057296  
436       0.953631924670113   -0.300975334952843  1.000000000000000   -0.266704937516866  -0.089239409101721  0.057504836374962   
437       -0.668114041829748  0.744058886856355   1.000000000000000   -0.266704937516866  0.047602488765780   -0.094891945952432  
438       0.196965018288882   -0.980410516860392  1.000000000000000   -0.266704937516866  0.007260473438064   0.105913945582206   
439       0.328909454402740   0.944361461943726   1.000000000000000   -0.266704937516866  -0.060106160323697  -0.087508444360972  
440       -0.763398574616592  -0.645927717529877  1.000000000000000   -0.266704937516866  0.096251741530578   0.044789291082425   
441       0.985782366483930   0.168027158308838   1.000000000000000   -0.266704937516866  -0.105654402433317  0.010374275386462   
442       -0.934272939954457  0.356558653897021   1.000000000000000   -0.266704937516866  0.085701674860739   -0.062655416919845  
443       0.623181854140609   -0.782076963392908  1.000000000000000   -0.266704937516866  -0.041937294384155  0.097528158411159   
444       -0.138943743709288  0.990300275716435   1.000000000000000   -0.266704937516866  -0.013479090551283  -0.105303335470657  
445       -0.383898982136665  -0.923375097950141  1.000000000000000   -0.266704937516866  0.065150397853287   0.083820665726859   
446       0.800077872909458   0.599896155414148   0.999999999999999   -0.266704937516866  -0.098720090889744  -0.039048969231671  
447       -0.993960330889630  -0.109739968187420  1.000000000000000   -0.266704937516866  0.104861048808268   -0.016572229366185  
448       0.911677376257344   -0.410906755384388  1.000000000000000   -0.266704937516867  -0.081867046395737  0.067588941830550   
449       -0.576090792738573  0.817385709761213   1.000000000000000   -0.266704937516867  0.036126817655436   -0.099826506447067  
450       0.080441129703852   -0.996759361456900  1.000000000000000   -0.266704937516867  0.019651012379536   0.104327925579850   
451       0.437558577980833   0.899189908103617   1.000000000000000   -0.266704937516867  -0.069968936447044  -0.079842509202836  
452       -0.833985480921849  -0.551786387664242  1.000000000000000   -0.266704937516867  0.100846446643448   0.033173370988271   
453       0.998694942739798   0.051072608568121   1.000000000000000   -0.266704937516867  -0.103704427606869  0.022712772575513   
454       -0.885923510839527  0.463831362611205   1.000000000000000   -0.266704937516866  0.077748807916674   -0.072288320016940  
455       0.527003994040239   -0.849862806731554  1.000000000000000   -0.266704937516866  -0.030191187672576  0.101779027949056   
456       -0.021659845452808  0.999765398028438   1.000000000000000   -0.266704937516866  -0.025754857684418  -0.102991094998503  
457       -0.489702350304819  -0.871889676568049  1.000000000000000   -0.266704937516866  0.074545083359125   0.075587756219618   
458       0.865003933353509   0.501765079776341   1.000000000000000   -0.266704937516866  -0.102623442509263  -0.027182851044057  
459       -0.999969800033960  0.007771680644603   1.000000000000000   -0.266704937516866  0.102188545683767   -0.028774632480225  
460       0.857100562189460   -0.515149130150204  1.000000000000000   -0.266704937516866  -0.073361226136767  0.076737271537666   
461       -0.476091508246297  0.879395744688229   1.000000000000000   -0.266704937516866  0.024150967093899   -0.103378958844461  
462       -0.037196474473074  -0.999307971691797  1.000000000000000   2.874887716072926   0.031769481063364   0.101297474876227   
463       0.540149658708696   0.841568978870348   1.000000000000000   -0.266704937516866  -0.078862985555285  -0.071071146414296  
464       -0.893025773735477  -0.450005519348545  1.000000000000000   -0.266704937516866  0.104044922483708   0.021098162211307   
465       0.997780486315058   -0.066589046613434  1.000000000000000   -0.266704937516866  -0.100318654471771  0.034736809126757   
466       -0.825308380945852  0.564682279109710   1.000000000000000   -0.266704937516866  0.068719500848669   -0.080920383998379  
467       0.423529710240751   -0.905882213393875  1.000000000000000   -0.266704937516866  -0.018027080908380  0.104620756531666   
468       0.095923935558763   0.995388667097892   1.000000000000000   2.874887716072927   -0.037674046203155  -0.099252932379945  
469       -0.588725739811153  -0.808332854264758  1.000000000000000   -0.266704937516866  0.082907684632156   0.066308326568164   
470       0.917953926688894   0.396687015764875   1.000000000000000   -0.266704937516866  -0.105105962168344  -0.014940383529285  
471       -0.992134585969263  0.125175729770582   1.000000000000000   -0.266704937516866  0.098101231789446   -0.040578647891824  
472       0.790657103987541   -0.612259213008703  1.000000000000000   -0.266704937516866  -0.063839712268196  0.084823165944507   
473       -0.369500688579716  0.929230456420320   1.000000000000000   -0.266704937516866  0.011840743945717   -0.105500119081200  
474       -0.154319089691767  -0.988021061798130  1.000000000000000   2.874887716072928   0.043448098062647   0.096864550368409   
475       0.635262312678029   0.772296441847923   1.000000000000000   -0.266704937516865  -0.086665168637278  -0.061315796401968  
476       -0.939702034220880  -0.341994279018143  1.000000000000000   -0.266704937516866  0.105802885829244   0.008730847240639   
477       0.983051657951578   -0.183328769697104  1.000000000000000   -0.266704937516865  -0.095543959400161  0.046279911035737   
478       -0.753266772888984  0.657715112234329   1.000000000000000   -0.266704937516865  0.058738765328026   -0.088432097063648  
479       0.314191614686466   -0.949359589018150  1.000000000000000   -0.266704937516866  -0.005613387382314  0.106014000138809   
480       0.212179639962478   0.977230679208033   1.000000000000000   2.874887716072928   -0.049071633734674  -0.094140602855226  
481       -0.679598161793850  -0.733584581685316  1.000000000000000   -0.266704937516865  0.090122420610367   0.056110851416312   
482       0.958194754892430   0.286116779823619   1.000000000000000   -0.266704937516865  -0.106133279130752  -0.002491064890633  
483       -0.970563168028219  0.240846708233739   1.000000000000000   -0.266704937516865  0.092655696400344   -0.051820847811501  
484       0.713266918063155   -0.700892505022482  1.000000000000000   -0.266704937516865  -0.053434331114356  0.091734675023662   
485       -0.257794094438031  0.966199878323774   1.000000000000000   -0.266704937516865  -0.000633415502222  -0.106160619478868  
486       -0.269305141476415  -0.963054900187091  1.000000000000000   -0.266704937516865  0.054525171741629   0.091090526345396   
487       0.721579695556806   0.692331382330851   1.000000000000000   -0.266704937516865  -0.093267463677652  -0.050711522975289  
488       -0.973368024821909  -0.229248093240259  1.000000000000000   -0.266704937516865  0.106095997499403   -0.003757347194776  
489       0.954712379770535   -0.297530287387488  1.000000000000000   -0.266704937516865  -0.089446448529129  0.057182262886854   
490       -0.670796110032494  0.741641812983379   1.000000000000000   -0.266704937516865  0.047944785649383   -0.094719458784191  
491       0.200503504389631   -0.979692984933278  1.000000000000000   -0.266704937516865  0.006878024060867   0.105939469171568   
492       0.325497695750606   0.945542833541160   1.000000000000000   -0.266704937516865  -0.059789819524676  -0.087724887144653  
493       -0.761061478362404  -0.648679756237877  1.000000000000000   -0.266704937516865  0.096089402543067   0.045136515840855   
494       0.985169279620017   0.171585228073330   1.000000000000000   -0.266704937516865  -0.105691170089045  0.009992742793850   
495       -0.935554204678069  0.353183139616243   1.000000000000000   -0.266704937516865  0.085927333505721   -0.062345582842187  
496       0.626001479382421   -0.779821869282351  1.000000000000000   -0.266704937516865  -0.042289146231705  0.097376108231583   
497       -0.142518314936430  0.989792165006210   1.000000000000000   -0.266704937516865  -0.013098805248348  -0.105351315342530  
498       -0.380562636288459  -0.924755145896025  1.000000000000000   -0.266704937516865  0.064847338892779   0.084055344754873   
499       0.797906734432482   0.602780924671056   1.000000000000000   -0.266704937516865  -0.098578461232560  -0.039405143374388  
