i         x                   y                   a                   vx                  vy                  
0         0.500000000000000   0.000000000000000   0.785398163397448   1.000000000000000   1.000000000000000   
1         0.971779788708135   0.471779788708135   -0.664618870288706  -1.210182566263967  0.731750064100276   
2         -0.678321076269618  1.469531241571171   0.047463677734035   1.274092880398471   -0.613748590318486  
3         0.938474332187924   0.690697988485357   0.630871981086407   -0.972193586921832  -1.027053859127194  
4         -0.814275188019545  -1.160958083956066  -0.470432079384021  1.402638280878899   -0.180570908545884  
5         0.733134927191464   -1.360166428834304  -0.306253440235475  -1.043837830932092  0.954150188762223   
6         -0.994009891196741  0.218580293741620   0.685620203499745   1.142139033320162   0.833977474855579   
7         0.689769653973044   1.448057767435964   -0.147384389591055  -1.335163801696462  -0.466194833347017  
8         -0.894295200811132  0.894954957092650   -0.581084570235243  0.958338921074175   -1.039993515534779  
9         0.862630676306015   -1.011668555003718  0.541036757619490   -1.368183601178739  -0.357873767501307  
10        -0.703531885856102  -1.421327387456888  0.211857538575868   1.100052351831226   0.888754647374961   
11        0.999744408085331   -0.045215860142685  -0.690858154131367  -1.079675644757166  0.913400515720349   
12        -0.712503255928301  1.403337607693272   0.244617868884201   1.382275225965150   -0.298856486767472  
13        0.845995355100833   1.066380530857190   0.518204236701507   -0.961202669703001  -1.037347303344366  
14        -0.910090506476424  -0.828819087669887  -0.599620689163472  1.315541568831132   -0.518989769337825  
15        0.684557305349646   -1.457918098786665  -0.113492853182039  -1.165002549376065  0.801728794510509   
16        -0.988165123834514  -0.306787796609440  0.680207624633381   1.027342300578855   0.971888778328750   
17        0.745409855966059   1.333212881168884   -0.337194109559635  -1.409312259383730  -0.117639090232508  
18        -0.798364156145850  1.204349906267318   -0.443916829140518  0.980661837969135   -1.018971226066273  
19        0.951697068202630   -0.614077162495135  0.644620665819160   -1.251325417178792  -0.658926930943279  
20        -0.677103259920581  -1.471776036501371  0.013081564585569   1.233659545948504   0.691436276666286   
21        0.960911966338574   -0.553708200941015  -0.653924122172184  -0.988333335854955  1.011532113794625   
22        -0.786628938674436  1.234852076711912   0.423016410335936   1.412513712820386   0.069318187327506   
23        0.755400745114856   1.310526175671313   0.360197346430849   -1.015840290540173  -0.983904723088197  
24        -0.982481416329980  -0.372721164229975  -0.674870757467640  1.182695103522707   -0.775391702369466  
25        0.681494129852150   -1.463647158268769  0.087561747750001   -1.299702116202117  0.557471442443237   
26        -0.921655069955495  -0.776020443094977  0.612655936430559   0.964678721651883   1.034115546731647   
27        0.833394724692688   1.105356472554261   -0.499949564065239  -1.391421880174278  0.252873785458836   
28        -0.720124627485623  1.387689476631848   -0.269168357806923  1.064972273555454   -0.930502045434684  
29        0.998379169792602   -0.113825011737033  0.689617553314684   -1.116243453495987  -0.868332051998171  
30        -0.697540598677573  -1.433090524979538  -0.186636597626838  1.356027958403020   0.401482472879377   
31        0.875223208683626   -0.967438545813714  -0.557461675993004  -0.957468195783386  1.040795202748029   
32        -0.881955623633109  0.942664898979344   0.565965349118131   1.349004025443513   0.424485735139828   
33        0.694617337338934   1.438758846601013   0.172948160400758   -1.125187473151424  -0.856710657260149  
34        -0.997158999015186  0.150650996452513   -0.688505397752687  1.057357888845669   -0.939145513163872  
35        0.724507587164474   -1.378533650138599  0.282254898494338   -1.395754304891397  0.227749687984714   
36        -0.826652357655135  -1.125425927519366  0.489805717321455   0.967013180938757   1.031932898928370   
37        0.927691636087818   0.746694658699814   -0.619291682618421  -1.290887440867239  0.577589486583018   
38        -0.680169574230939  1.466109614306521   -0.073543368170467  1.192298986077925   -0.760541338651329  
39        0.978995395136625   0.407764717950359   0.671560815620479   -1.010031905520265  -0.989866430298101  
40        -0.761003731815625  -1.297495002167937  -0.372390871150216  1.413554381192841   0.043174198435265   
41        0.780458931886831   -1.250414100429242  -0.411503669061162  -0.992899364563195  1.007050570651747   
42        -0.965544728080915  0.520474314736670   0.658519007702834   1.224061649735295   0.708288837726045   
43        0.677435050680335   1.471165187339249   -0.027174909822827  -1.260730636546075  -0.640748204893415  
44        -0.946422333874297  0.645863037938940   -0.639193889217037  0.976967379478661   -1.022513931168961  
45        0.804824025433106   -1.187027022583143  0.454917593914355   -1.406911822688353  -0.143523946363461  
46        -0.740257838322534  -1.344646173239710  0.324608186748737   1.033917398393504   0.964891088827756   
47        0.990788798640565   0.270832468425677   -0.682646647128288  -1.155569099694071  0.815266861728255   
48        -0.686531312953310  1.454200476323129   0.127410829335962   1.323760395060075   -0.497652907627794  
49        0.903690020399636   0.856374560645294   0.592215170088113   -0.959793924227157  -1.038650866757756  
50        -0.852810605206829  -1.044440657283625  -0.527723657249070  1.376775147797893   -0.323249427541786  
51        0.708680519628405   -1.411059064815096  -0.231257061898431  -1.087888508746176  0.903603116715532   
52        -0.999991659140012  0.008168635236376   0.691082407529728   1.091570052265606   0.899152279092293   
53        0.707059762455299   1.414307593583031   -0.225339429549487  -1.374228336980380  -0.333910883081315  
54        -0.855816550687250  1.034558904209477   -0.531848104609434  0.959276582008296   -1.039128692323758  
55        0.900835643342854   -0.868320548376155  0.588866828356531   -1.327306546547475  -0.488116104520451  
56        -0.687472944696947  -1.452419981010601  0.133532732998364   1.151437984330911   0.821091084009547   
57        0.991845171897014   -0.254897273305022  -0.683624356873758  -1.036897556650823  0.961687816815600   
58        -0.738040172452445  1.349513547685038   0.319019180729460   1.405705572464065   -0.154893006761046  
59        0.807698884841378   1.179190419611683   0.459707275016283   -0.975437549560027  -1.023973430762895  
60        -0.944032673906162  -0.659703905089491  -0.636710355590197  1.264844892482785   -0.632587857898187  
61        0.677655051509140   -1.470759846017214  -0.033385394168946  -1.219819375279547  0.715570186419627   
62        -0.967508872678210  -0.505674129411178  0.660450878532932   0.995007036712412   1.004968157153643   
63        0.777776042347654   1.257083017067719   -0.406374437709490  -1.413859724794806  0.031633504440045   
64        -0.763520251166308  1.291567769896629   -0.377719596137104  1.007559971965783   -0.992382437819369  
65        0.977367613272588   -0.423095963232200  0.670005550031556   -1.196542767613315  -0.753847070215353  
66        -0.679658559427498  -1.467057248503871  -0.067354837283355  1.286946163924438   0.586318660081851   
67        0.930304644187367   -0.733575542131595  -0.622129562309970  -0.968144322737012  1.030871752621098   
68        -0.823694500505587  1.134067669650892   0.485267177293780   1.397527368995115   0.216603907881634   
69        0.726499712801679   1.374333536371834   0.287990575105538   -1.054072918253225  -0.942830993871719  
70        -0.996514404857879  -0.166841732318353  -0.687916572666014  1.129174857970590   -0.851448260393490  
71        0.693397421904595   -1.441110704000301  0.166893484762563   -1.345808229631771  0.434511460211811   
72        -0.884907185628744  -0.931534804121920  0.569635559010184   0.957572588430574   1.040699158203931   
73        0.872241380134812   0.978151265971718   -0.553634939138100  -1.359021713476483  0.391228810671510   
74        -0.698897639071699  1.430443413910532   -0.192650198274481  1.112347348254715   -0.873317454784173  
75        0.998809725988027   0.097552678522366   0.690009232455279   -1.068399193168264  -0.926565250825545  
76        -0.718253146366567  -1.391563750224225  -0.263366539870105  1.389377358950996   0.263876020953701   
77        0.836379452845461   -1.096301803077835  -0.504353968306573  -0.963751924959435  1.034979336574883   
78        -0.918948330766690  0.788755894763683   0.609643636935005   1.303528913718395   0.548463646106231   
79        0.682150777641205   1.462423080457224   0.093732478712467   -1.178474335513151  -0.781791686152288  
80        -0.983925422072897  0.357159705446585   -0.676233611301923  1.018488523595752   -0.981163150196615  
81        0.752978421672803   -1.316090417099272  0.354776001425723   -1.411902076352313  0.080824048352122   
82        -0.789384518286559  -1.227798163037391  0.428037005323602   0.986415917224856   1.013402012157784   
83        0.958793727124328   0.568206261236324   -0.651805049114661  -1.237876181529622  0.683858581288296   
84        -0.677030769242436  1.471909423162981   0.006866669546159   1.247150815364044   -0.666794453888752  
85        0.953955605731291   0.599895665241370   0.646921478597741   -0.982388816160061  -1.017306352031498  
86        -0.795545191034989  -1.211788511285863  -0.439008074664458  1.410221155351659   -0.106189891226199  
87        0.747733608993159   -1.327997665633589  -0.342701164427680  -1.024526515025423  0.974856615102889   
88        -0.986909620014852  0.322548612907513   0.679035034029747   1.169185997837520   0.795615549408558   
89        0.683758759448686   1.459416265329661   -0.107344045964683  -1.311844945721545  -0.528263985508037  
90        -0.912876740478382  0.816470591493814   -0.602801159504142  0.961927210085284   -1.036675475979605  
91        0.842994645650214   -1.075843905787583  0.513936246102566   -1.384574978217256  -0.288014113707441  
92        -0.714252313702890  -1.399776599847374  0.250479585789605   1.076117904430912   0.917589372084932   
93        0.999526544237520   0.061536570089696   -0.690660446640830  -1.103847503708344  0.884036587793094   
94        -0.702042732488994  1.424269639863725   0.205889043439032   1.365403854710657   -0.368337228014328  
95        0.865630308070543   1.001367404601721   0.545013139670753   -0.958029665129365  -1.040278405395458  
96        -0.891385542826509  -0.906491729780010  -0.577571966340468  1.338541701815203   -0.456405644686457  
97        0.690852668744307   -1.445991134258947  -0.153474707315527  -1.138074021187987  0.839516243021542   
98        -0.994860970604685  -0.202500855973545  0.686402080719704   1.046975466250458   0.950706249621635   
99        0.731028660153696   1.364693515825281   -0.300587829249463  -1.401141772464980  -0.191837779005311  
