i         x                   y                   a                   vx                  vy                  
0         0.000000000000000   0.500000000000000   -1.379095473026606  -0.048930943874677  0.252111965031783   
1         -0.096143000959542  0.995367531802446   -0.095409117369228  0.000226671041376   -0.256816332815677  
2         -0.094385791427663  -0.995535696184006  3.046183536220565   0.048485830233841   0.252197946952763   
3         0.281488261697456   0.959564671362250   -0.095409117369229  -0.095438235312391  -0.238424460618265  
4         -0.458372356486600  -0.888760250466301  -0.095409117369228  0.138926113246001   0.215995868569315   
5         0.618616962224639   0.785692722409951   -0.095409117369229  -0.177370799748985  -0.185726356710778  
6         -0.756404999576522  -0.654103567193791  -0.095409117369229  0.209376704683570   0.148714746129974   
7         0.866734590688042   0.498769635508048   -0.095409117369229  -0.233781973725008  -0.106304604518776  
8         -0.945600633599335  -0.325329743086205  -0.095409117369229  0.249700665124722   0.060035472988268   
9         0.990140192448417   0.140079974650950   -0.095409117369229  -0.256554910502334  -0.011586978803512  
10        -0.998736425618812  0.050254871825113   -0.095409117369229  0.254095892189630   -0.037282137184038  
11        0.971077279109672   -0.238765403685199  -0.095409117369229  -0.242412875622695  0.084797865026128   
12        -0.908166814485768  0.418608453171663   -0.095409117369229  0.221929968895087   -0.129235324454575  
13        0.812288760188608   -0.583255492962779  -0.095409117369229  -0.193390727104328  0.168981380189395   
14        -0.686923609341615  0.726729629868694   -0.095409117369229  0.157831160373158   -0.202593200764281  
15        0.536622273502584   -0.843822573519409  -0.095409117369229  -0.116542125388094  0.228850635110938   
16        -0.366840878890010  0.930283703810405   -0.095409117369230  0.071022465689419   -0.246800505566842  
17        0.183742702186616   -0.982974373721493  -0.095409117369230  -0.022924601778607  0.255791209414917   
18        0.006025564102220   0.999981846123843   3.046183536220563   -0.026005453809776  -0.255496372876018  
19        -0.195575094888169  -0.980688728526785  -0.095409117369230  0.073991478943849   0.245926698884760   
20        0.378025005454861   0.925795385196347   -0.095409117369230  -0.119291520976328  -0.227429578559624  
21        -0.546752136167366  -0.837294513057636  -0.095409117369230  0.160261131801327   0.200676480471458   
22        0.695631481439320   0.718398804307564   -0.095409117369231  -0.195413063374536  -0.166638575495692  
23        -0.819258535085889  -0.573424321675427  -0.095409117369230  0.223471256674812   0.126551482096553   
24        0.913145480648550   0.407633819955029   -0.095409117369231  -0.243417164240452  -0.081870411833523  
25        -0.973884104737852  -0.227045701432447  -0.095409117369231  0.254526724714230   0.034217343364154   
26        0.999269519436340   0.038215540366017   -0.095409117369231  -0.256396647175020  0.014677857407063   
27        -0.988380202483876  0.152001892547207   -0.095409117369231  0.248959051101948   -0.063040233621645  
28        0.941611449686676   -0.336701466909420  -0.095409117369231  -0.232483930522081  0.109114170618018   
29        -0.860661025185817  0.509178357480067   -0.095409117369232  0.207569352890022   -0.151227126936509  
30        0.748467530498388   -0.663171437706454  -0.095409117369232  -0.175119748492318  0.187850349663345   
31        -0.609103729612092  0.793090566437805   -0.095409117369232  0.136313078498412   -0.217654370070852  
32        0.447628702565575   -0.894219517031170  -0.095409117369232  -0.092558073498918  0.239557264992783   
33        -0.269904194524191  0.962887182269162   -0.095409117369232  0.045443094825657   -0.252763931986587  
34        0.082381827109138   -0.996600840137194  -0.095409117369233  0.003321524948554   0.256794952545158   
35        0.108131103525522   0.994136642746033   -0.095409117369233  -0.051965569218522  -0.251503995587443  
36        -0.294718740045614  -0.955584043538780  -0.095409117369233  0.098723198420457   0.237083129459455   
37        0.470607718196049   0.882342550019157   -0.095409117369233  -0.141897052213685  -0.214055849613414  
38        -0.629413048383261  -0.777070919881121  -0.095409117369233  0.179919865781034   0.183258075068981   
39        0.765369898772362   0.643590644783767   -0.095409117369233  -0.211411363499217  -0.145807803508782  
40        -0.873542865883060  -0.486747225431034  -0.095409117369233  0.235228364667939   0.103064526566131   
41        0.950005135900360   0.312234273844077   -0.095409117369234  -0.250506282397155  -0.056579878580733  
42        -0.991981032920662  -0.126386828133539  -0.095409117369234  0.256690509191056   0.008041310334145   
43        0.997946779453906   -0.064048617296379  -0.095409117369234  -0.253556549892876  0.040789167521232   
44        -0.967685811449670  0.252159017921218   -0.095409117369235  0.241218171139478   -0.088138947649600  
45        0.902296639842695   -0.431115731246939  -0.095409117369235  -0.220123271490343  0.132289173892055   
46        -0.804152973233897  0.594422405061488   -0.095409117369235  0.191037622150427   -0.171637137892020  
47        0.676817549303380   -0.736150803134090  -0.095409117369235  -0.155017068518972  0.204754459410383   
48        -0.524912802982759  0.851156007594838   -0.095409117369235  0.113369201682752   -0.230438938312233  
49        0.353953066293683   -0.935263185879407  -0.095409117369235  -0.067605891226432  0.247758195933320   
