i         x                   y                   a                   vx                  vy                  
0         0.000000000000000   0.707106780000000   0.000000000000000   1.000000000000000   0.000000000000000   
1         1.707106782373095   0.707106780000000   0.785398161719417   -0.000000003356063  -1.000000000000000  
2         1.707106777626905   -0.707106784746190  -2.356194491870376  -1.000000000000000  0.000000006712126   
3         -1.707106800543537  -0.707106761829558  0.785398142734657   0.000000048037708   0.999999999999999   
4         -1.707106732607957  0.707106829765136   -2.356194510855136  0.999999999999996   -0.000000089363292  
5         1.707107037713249   0.707106524659753   0.785397889977134   -0.000000636203921  -0.999999999999798  
6         1.707106137984790   -0.707107424387720  -2.356194763612659  -0.999999999999301  0.000001183044549   
7         -1.707110177139067  -0.707103385217718  0.785394543828354   0.000008422182737   0.999999999964534   
8         -1.707098266330904  0.707115295939658   -2.356198109761439  0.999999999877362   -0.000015661320924  
9         1.707151735240315   0.707061824274661   0.785350248064813   -0.000111491985965  -0.999999993784769  
10        1.706994054206872   -0.707219490198150  -2.356242405524981  -0.999999978508660  0.000207322649982   
11        -1.707701515283688  -0.706511546448586  0.784764050916923   0.001475547077080   0.999998911379820   
12        -1.705613453787941  0.708596961490418   -2.356828602672870  0.999996235858395   -0.002743769130917  
13        1.714914594248139   0.699211786893655   0.777038146236355   -0.019462577974983  -0.999810586090470  
14        1.687161213891730   -0.726504966344239  -2.364554507353439  -0.999345436238779  0.036175945996309   
15        -1.799791013483192  -0.600278547635619  0.680033180036846   0.244412535969146   0.969671342394491   
16        -1.419704172052873  0.907660954300345   -2.461559473552947  0.897096050986731   -0.441835574964279  
17        1.754871101941426   -0.655873173299333  -0.257694983802265  -0.562794442955589  0.826596887834882   
18        0.627457928861276   1.000000000000000   -0.597762584530014  -0.562794442955589  -0.826596887834882  
19        -0.734256472047552  -1.000000000000000  0.597762584530014   -0.562794442955589  0.826596887834882   
20        -1.812257250706708  0.583299373113309   0.350248967165853   0.963091418720722   -0.269174514370347  
21        1.892014004566959   -0.452007760615254  -0.196479068255794  -0.786611896213708  0.617447750611402   
22        0.042195008929512   1.000000000000000   -0.905302382350133  -0.786611896213708  -0.617447750611402  
23        -1.866878551044014  -0.498519385520594  -0.143603993060279  0.929299044228553   0.369328155433490   
24        1.526574381964421   0.850129060942389   0.637944382389658   0.083281822712936   -0.996526034785653  
25        1.660378567408282   -0.750932851663706  0.637944382389658   -0.977711001630287  0.209955226872558   
26        -1.999388315190948  0.034971351987010   0.176550681493260   0.989995383187976   0.141099756436706   
27        1.815542665661668   0.578696950471887   0.475557816038135   -0.460100597301598  -0.887866792014838  
28        0.997447635638078   -1.000000000000000  0.478108497439063   -0.460100597301598  0.887866792014838   
29        -0.038970442928620  1.000000000000000   -0.478108497439063  -0.460100597301598  -0.887866792014838  
30        -1.073968912545056  -0.997260547688969  0.404071966023263   -0.324076550830512  0.946030860596950   
31        -1.669924730923582  0.742429023474276   0.404071966023263   0.907871704130954   -0.419248099385513  
32        1.626173672068767   -0.779683610452289  -0.461543423592257  -0.213437816725222  0.976956651234628   
33        1.243963645233812   0.969784377995558   2.680049229997536   -0.650311435572311  -0.759667714704192  
34        -0.442264796264459  -1.000000000000000  0.707994327715042   -0.650311435572311  0.759667714704192   
35        -1.805547132593313  0.592531701405664   0.228603942909000   0.918868143200551   -0.394564741723306  
36        1.537763316858209   -0.843095851633524  -0.597420296178516  0.029634039790434   0.999560815401298   
37        1.586765541400822   0.809756876738074   -0.597420296178516  -0.940629110860815  -0.339436114462208  
38        -1.894742389602260  -0.446582642126670  0.116624950374882   0.836699725458062   0.547661911600956   
39        0.315298648273833   1.000000000000000   -2.150363583158536  0.836699725458062   -0.547661911600956  
40        1.995040065862936   -0.099474958293455  0.479927508004168   -0.928557861186177  -0.371187686257723  
41        -0.257700630096029  -1.000000000000000  1.190508567150200   -0.928557861186177  0.371187686257723   
42        -1.945625257367643  -0.325258163046493  0.711572482694260   0.503754127979139   0.863847080532190   
43        -1.182603043785299  0.983186721025231   -2.430020170895534  0.780337824146297   -0.625358201518644  
44        1.251846673978448   -0.967767148029935  -0.640617881516650  0.376513464427976   0.926411145822660   
45        1.855568399963855   0.517689784507371   -0.640617881516650  -0.995350439322443  0.096319795165017   
46        -1.533707556697876  0.845669110186475   -0.911348271596142  -0.341365772170608  -0.939930534449422  
47        -1.952004015288960  -0.306085535224548  -0.911348271596142  0.825183251264719   -0.564865118264704  
48        -0.938299016293620  -1.000000000000000  2.171066114523930   0.825183251264719   0.564865118264704   
49        1.642266040612092   0.766481789135571   0.273075504012486   -0.411751785976519  -0.911296036831697  
50        0.844114833787631   -1.000000000000000  0.424375531040891   -0.411751785976519  0.911296036831697   
51        -0.059547136274382  1.000000000000000   -0.424375531040891  -0.411751785976519  -0.911296036831697  
52        -0.963209106336396  -1.000000000000000  0.424375531040891   -0.411751785976519  0.911296036831697   
53        -1.725838758718511  0.687864882329350   0.387877445606369   0.932086337555081   -0.362236192757111  
54        1.749006736059840   -0.662562381468330  -0.353568741454712  -0.473264545097982  0.880920354148553   
55        0.855813809528891   1.000000000000000   -0.492992939344207  -0.473264545097982  -0.880920354148553  
56        -0.218663679540850  -1.000000000000000  0.492992939344207   -0.473264545097982  0.880920354148553   
57        -1.272768858582278  0.962079596388844   -0.216723083882413  0.059511587481976   -0.998227614803050  
58        -1.156529953645934  -0.987673211954036  2.924869569707381   0.365248187216455   0.930910179198350   
59        -0.376654457956212  1.000000000000000   -2.767693257404350  0.365248187216455   -0.930910179198350  
60        0.408057526890677   -1.000000000000000  2.767693257404350   0.365248187216455   0.930910179198350   
61        1.185928135926690   0.982563345678448   0.186883011413888   -0.000133373357272  -0.999999991105779  
62        1.185666033769982   -0.982612906440845  -2.954709642175905  -0.364999856992427  0.931007574832514   
63        0.408386184621138   1.000000000000000   -0.373632649470108  -0.364999856992427  -0.931007574832514  
64        -0.375710243505324  -1.000000000000000  0.373632649470108   -0.364999856992427  0.931007574832514   
65        -1.155064587491691  0.987904334288514   -0.217939818175750  -0.062206796732687  -0.998063281781406  
66        -1.276535173757268  -0.961003796909793  -0.217939818175750  0.477780655501751   0.878479166075286   
67        -0.209999146824687  1.000000000000000   -2.643466030356902  0.477780655501751   -0.878479166075286  
68        0.877745842362238   -1.000000000000000  2.643466030356902   0.477780655501751   0.878479166075286   
69        1.769174175774776   0.639039190755304   -0.379421231037294  -0.951159064889961  -0.308701203881143  
70        -1.845427922138860  -0.534089532258375  0.249603207608401   0.687298024929894   0.726375539874162   
71        -0.393869261766751  1.000000000000000   -2.383829983499116  0.687298024929894   -0.726375539874162  
72        1.413747331999434   -0.910391753732068  -0.331196263933812  -0.095225635340253  0.995455713919037   
73        1.233646321177434   0.972321652849638   2.810396389655982   -0.537122803771226  -0.843504056699760  
74        -0.022279987300743  -1.000000000000000  0.567022385644569   -0.537122803771226  0.843504056699760   
75        -1.271849993057496  0.962339639251465   -0.291707483695955  -0.016391847597027  -0.999865644640504  
76        -1.303248715480330  -0.952911442139053  -0.291707483695955  0.564483626390098   0.825444265554918   
77        0.032258209552666   1.000000000000000   -2.541785104450542  0.564483626390098   -0.825444265554918  
78        1.355337258827675   -0.934738162529397  -0.236532700932429  -0.126403097773800  0.991978959894413   
79        1.109570117962043   0.993979068818747   2.905059952657364   -0.339441663205409  -0.940627108518759  
80        0.390008066872050   -1.000000000000000  0.346323254590466   -0.339441663205409  0.940627108518759   
81        -0.331726742025688  1.000000000000000   -0.346323254590466  -0.339441663205409  -0.940627108518759  
82        -1.052955213650572  -0.998596888312407  0.293343259671250   -0.238055463584181  0.971251561778788   
83        -1.508727876775471  0.860927376374756   0.293343259671250   0.735937133405066   -0.677049876800483  
84        0.514055976780754   -1.000000000000000  2.314542869495258   0.735937133405066   0.677049876800483   
85        1.947760136546343   0.318983892342007   -0.419089363898827  -0.995544593586360  0.094291898808888   
86        -1.743614729093495  0.668608356719543   -0.637903566673901  0.199215205214651   -0.979955765333978  
87        -1.423537262647252  -0.905878682357230  2.503689086915893   0.879709115444259   0.475512220877968   
88        1.653189048464113   0.757194867234681   0.363461637582563   -0.341325616617927  -0.939945117249092  
89        1.015134209956022   -0.999885471286090  -2.778131016007229  -0.369616654322977  0.929184335235537   
90        0.219607478719728   1.000000000000000   -0.378596425332256  -0.369616654322977  -0.929184335235537  
91        -0.575964810452116  -1.000000000000000  0.378596425332256   -0.369616654322977  0.929184335235537   
92        -1.346843705766547  0.937922941275097   -0.024392620256115  0.323864395464319   -0.946103510906999  
93        -0.683465719534563  -1.000000000000000  2.811781468769767   0.323864395464319   0.946103510906999   
94        0.001162107612683   1.000000000000000   -2.811781468769767  0.323864395464319   -0.946103510906999  
95        0.685789934759928   -1.000000000000000  2.811781468769767   0.323864395464319   0.946103510906999   
96        1.348905979700100   0.937157733430992   -0.026592283587770  -0.373700849769766  -0.927549284340931  
97        0.568443417394730   -1.000000000000000  0.382995751995566   -0.373700849769766  0.927549284340931   
98        -0.237337700824338  1.000000000000000   -0.382995751995566  -0.373700849769766  -0.927549284340931  
99        -1.042750488424611  -0.999085779970598  0.340232231020722   -0.293101028824214  0.956081475033486   
